0.000004
0.000002
0.000004
0.000004
0.000004
0.000003
0.000004
0.000002
0.000003
0.000003
0.000004
0.000004
0.000004
0.000003
0.000002
0.000004
0.000003
0.000002
0.000004
0.000004
0.000004
0.000004
0.000003
0.000003
0.000003
0.000003
0.000003
0.000003
0.000005
0.000003
0.000003
0.000003
0.000004
0.000003
0.000003
0.000003
0.000004
0.000003
0.000005
0.000004
0.000003
0.000002
0.000003
0.000003
0.000004
0.000003
0.000004
0.000004
0.000003
0.000004
0.000003
0.000004
0.000003
0.000003
0.000004
0.000003
0.000004
0.000004
0.000004
0.000003
0.000003
0.000004
0.000004
0.000003
0.000004
0.000003
0.000003
0.000003
0.000003
0.000003
0.000003
0.000003
0.000004
0.000003
0.000003
0.000005
0.000005
0.000003
0.000002
0.000003
0.000004
0.000003
0.000002
0.000003
0.000003
0.000003
0.000004
0.000003
0.000004
0.000003
0.000004
0.000004
0.000004
0.000004
0.000004
0.000003
0.000003
0.000003
0.000005
0.000004
0.000004
0.000004
0.000004
0.000004
0.000002
0.000003
0.000003
0.000004
0.000004
0.000003
0.000004
0.000004
0.000003
0.000020
0.000013
0.000002
0.000002
0.000003
0.000004
0.000004
0.000004
0.000003
0.000003
0.000003
0.000004
0.000004
0.000002
0.000002
0.000004
0.000004
0.000003
0.000003
0.000003
0.000004
0.000002
0.000009
0.000002
0.000024
0.000004
0.000004
0.000003
0.000003
0.000003
0.000004
0.000003
0.000004
0.000004
0.000003
0.000003
0.000003
0.000004
0.000003
0.000003
0.000003
0.000003
0.000004
0.000003
0.000004
0.000004
0.000003
0.000002
0.000004
0.000003
0.000003
0.000003
0.000003
0.000004
0.000002
0.000003
0.000003
0.000004
0.000003
0.000003
0.000003
0.000004
0.000003
0.000002
0.000002
0.000023
0.000003
0.000017
0.000003
0.000004
0.000004
0.000004
0.000003
0.000003
0.000003
0.000003
0.000003
0.000004
0.000003
0.000003
0.000004
0.000028
0.000003
0.000003
0.000003
0.000003
0.000003
