0.000073
0.000096
0.000160
0.000157
0.000073
0.000073
0.000072
0.000073
0.000074
0.000073
0.000073
0.000072
0.000160
0.000107
0.000072
0.000063
0.000065
0.000059
0.000058
0.000066
0.000058
0.000066
0.000072
0.000076
0.000081
0.000073
0.000068
0.000071
0.000065
0.000058
0.000058
0.000059
0.000072
0.000065
0.000078
0.000062
0.000058
0.000058
0.000058
0.000059
0.000112
0.000058
0.000072
0.000086
0.000084
0.000061
0.000061
0.000059
0.000059
0.000058
0.000058
0.000063
0.000058
0.000059
0.000062
0.000058
0.000074
0.000058
0.000067
0.000059
0.000059
0.000062
0.000066
0.000077
0.000062
0.000062
0.000071
0.000058
0.000058
0.000058
0.000062
0.000107
0.000062
0.000062
0.000061
0.000098
0.000063
0.000093
0.000078
0.000062
0.000065
0.000059
0.000058
0.000058
0.000059
0.000058
0.000058
0.000058
0.000058
0.000058
0.000059
0.000090
0.000062
0.000070
0.000106
0.000062
0.000059
0.000059
0.000059
0.000058
0.000058
0.000067
0.000059
0.000058
0.000073
0.000091
0.000082
0.000065
0.000062
0.000096
0.000075
0.000059
0.000059
0.000058
0.000058
0.000059
0.000058
0.000059
0.000070
0.000057
0.000062
0.000079
0.000062
0.000062
0.000079
0.000062
0.000058
0.000067
0.000058
0.000058
0.000059
0.000058
0.000062
0.000057
0.000059
0.000062
0.000062
0.000111
0.000062
0.000067
0.000069
0.000059
