0.000144
0.000125
0.000126
0.000126
0.000125
0.000127
0.000126
0.000126
0.000125
0.000126
0.000126
0.000126
0.000127
0.000125
0.000126
0.000126
0.000125
0.000127
0.000126
0.000125
0.000126
0.000125
0.000127
0.000126
0.000125
0.000126
0.000125
0.000127
0.000127
0.000125
0.000128
0.000096
0.000095
0.000095
0.000096
0.000095
0.000095
0.000095
0.000095
0.000097
0.000095
0.000095
0.000096
0.000096
0.000095
0.000096
0.000096
0.000096
0.000095
0.000095
0.000096
0.000095
0.000095
0.000096
0.000095
0.000095
0.000095
0.000095
0.000097
0.000095
0.000095
0.000096
0.000095
0.000095
0.000095
0.000095
0.000096
0.000095
0.000095
0.000096
0.000095
0.000095
0.000095
0.000095
0.000100
0.000108
0.000095
0.000095
0.000096
0.000095
0.000095
0.000096
0.000095
0.000095
0.000097
0.000095
0.000095
0.000095
0.000096
0.000097
0.000095
0.000095
0.000096
0.000095
0.000095
0.000097
0.000095
0.000095
0.000095
0.000095
0.000096
0.000095
0.000107
0.000122
0.000117
0.000116
0.000111
0.000098
0.000096
0.000095
0.000095
0.000096
0.000095
0.000095
0.000096
0.000095
0.000096
0.000096
0.000095
0.000096
0.000095
0.000096
0.000096
0.000095
0.000102
0.000085
0.000083
0.000085
0.000084
0.000084
0.000083
0.000083
0.000085
0.000084
0.000084
0.000083
0.000084
0.000084
0.000084
0.000084
0.000084
0.000085
0.000084
0.000084
0.000084
0.000083
0.000083
0.000084
0.000085
0.000083
0.000085
0.000084
0.000084
0.000083
0.000084
0.000084
0.000083
0.000094
0.000112
0.000094
0.000084
0.000090
0.000083
0.000084
0.000084
0.000083
0.000084
0.000084
0.000083
0.000083
0.000084
0.000084
0.000083
0.000083
0.000083
0.000085
0.000084
0.000084
0.000083
0.000083
0.000084
0.000084
0.000083
0.000097
0.000085
0.000084
0.000084
0.000083
0.000083
0.000084
0.000085
0.000083
0.000085
0.000084
0.000084
0.000084
0.000084
0.000084
0.000084
0.000085
