0.000065
0.000064
0.000070
0.000062
0.000064
0.000063
0.000062
0.000063
0.000062
0.000063
0.000062
0.000063
0.000063
0.000062
0.000061
0.000061
0.000063
0.000062
0.000063
0.000062
0.000062
0.000062
0.000063
0.000064
0.000062
0.000063
0.000061
0.000062
0.000063
0.000062
0.000062
0.000062
0.000064
0.000062
0.000063
0.000073
0.000057
0.000057
0.000057
0.000058
0.000057
0.000058
0.000057
0.000057
0.000056
0.000058
0.000056
0.000056
0.000057
0.000057
0.000056
0.000057
0.000056
0.000057
0.000056
0.000057
0.000057
0.000057
0.000058
0.000056
0.000057
0.000057
0.000058
0.000057
0.000058
0.000057
0.000057
0.000057
0.000057
0.000057
0.000057
0.000057
0.000057
0.000057
0.000056
0.000057
0.000056
0.000059
0.000057
0.000057
0.000056
0.000057
0.000056
0.000057
0.000056
0.000056
0.000056
0.000056
0.000056
0.000056
0.000056
0.000056
0.000057
0.000056
0.000057
0.000056
0.000057
0.000057
0.000057
0.000056
0.000058
0.000057
0.000059
0.000057
0.000059
0.000057
0.000057
0.000057
0.000057
0.000057
0.000057
0.000057
0.000057
0.000057
0.000057
0.000058
0.000057
0.000058
0.000056
0.000057
0.000057
0.000057
0.000056
0.000056
0.000056
0.000056
0.000056
0.000056
0.000057
0.000056
0.000057
0.000056
0.000058
0.000056
0.000057
0.000056
0.000058
0.000056
0.000057
0.000056
0.000056
0.000056
0.000056
0.000071
0.000069
0.000058
0.000058
0.000057
0.000057
0.000057
0.000057
0.000058
0.000056
0.000057
0.000056
0.000057
0.000057
0.000057
0.000057
0.000057
0.000057
0.000057
0.000058
0.000057
0.000058
0.000058
0.000059
0.000058
0.000058
0.000058
0.000058
0.000058
0.000058
0.000058
0.000058
0.000059
0.000058
0.000059
0.000058
0.000059
0.000058
0.000059
0.000058
0.000058
0.000072
0.000097
0.000072
0.000062
0.000062
0.000066
0.000058
0.000058
0.000057
0.000057
0.000056
0.000058
0.000057
0.000058
0.000056
0.000058
